	ncopy_8.69
0	29
1	37	37.00
2	49	24.50
3	38	12.67
4	41	10.25
5	52	10.40
6	64	10.67
7	73	10.43
8	85	10.62
9	94	10.44
10	106	10.60
11	95	8.64
12	107	8.92
13	116	8.92
14	128	9.14
15	137	9.13
16	129	8.06
17	138	8.12
18	150	8.33
19	159	8.37
20	171	8.55
21	160	7.62
22	172	7.82
23	181	7.87
24	193	8.04
25	202	8.08
26	194	7.46
27	203	7.52
28	215	7.68
29	224	7.72
30	236	7.87
31	225	7.26
32	237	7.41
33	246	7.45
34	258	7.59
35	267	7.63
36	259	7.19
37	268	7.24
38	280	7.37
39	289	7.41
40	301	7.53
41	290	7.07
42	302	7.19
43	311	7.23
44	323	7.34
45	332	7.38
46	324	7.04
47	333	7.09
48	345	7.19
49	354	7.22
50	366	7.32
51	355	6.96
52	367	7.06
53	376	7.09
54	388	7.19
55	397	7.22
56	389	6.95
57	398	6.98
58	410	7.07
59	419	7.10
60	431	7.18
61	420	6.89
62	432	6.97
63	441	7.00
64	453	7.08
Average CPE	8.69
Score	36.1/60.0
