	ncopy
0	29
1	31	31.00
2	45	22.50
3	47	15.67
4	56	14.00
5	58	11.60
6	72	12.00
7	74	10.57
8	78	9.75
9	80	8.89
10	94	9.40
11	96	8.73
12	105	8.75
13	107	8.23
14	121	8.64
15	123	8.20
16	127	7.94
17	129	7.59
18	143	7.94
19	145	7.63
20	154	7.70
21	156	7.43
22	170	7.73
23	172	7.48
24	176	7.33
25	178	7.12
26	192	7.38
27	194	7.19
28	203	7.25
29	205	7.07
30	219	7.30
31	221	7.13
32	225	7.03
33	227	6.88
34	241	7.09
35	243	6.94
36	252	7.00
37	254	6.86
38	268	7.05
39	270	6.92
40	274	6.85
41	276	6.73
42	290	6.90
43	292	6.79
44	301	6.84
45	303	6.73
46	317	6.89
47	319	6.79
48	323	6.73
49	325	6.63
50	339	6.78
51	341	6.69
52	350	6.73
53	352	6.64
54	366	6.78
55	368	6.69
56	372	6.64
57	374	6.56
58	388	6.69
59	390	6.61
60	399	6.65
61	401	6.57
62	415	6.69
63	417	6.62
64	421	6.58
Average CPE	8.29
Score	44.1/60.0
